ply
format ascii 1.0
element vertex 325
property float x
property float y
property float z
property float u
property float v
property float nx
property float ny
property float nz
element face 200
property list uchar int vertex_indices
end_header
-0 -1.2 -1.04907e-07 0 1 -0 -1 -8.74228e-08
-2.7152e-08 -1.2 -1.01333e-07 0.0416667 1 -2.26267e-08 -1 -8.44439e-08
-5.24537e-08 -1.2 -9.08524e-08 0.0833333 1 -4.37114e-08 -1 -7.57103e-08
-7.41807e-08 -1.2 -7.41807e-08 0.125 1 -6.18172e-08 -1 -6.18172e-08
-9.08524e-08 -1.2 -5.24537e-08 0.166667 1 -7.57103e-08 -1 -4.37114e-08
-1.01333e-07 -1.2 -2.7152e-08 0.208333 1 -8.44439e-08 -1 -2.26267e-08
-1.04907e-07 -1.2 4.58565e-15 0.25 1 -8.74228e-08 -1 3.82137e-15
-1.01333e-07 -1.2 2.7152e-08 0.291667 1 -8.44439e-08 -1 2.26267e-08
-9.08524e-08 -1.2 5.24537e-08 0.333333 1 -7.57103e-08 -1 4.37114e-08
-7.41807e-08 -1.2 7.41807e-08 0.375 1 -6.18172e-08 -1 6.18172e-08
-5.24537e-08 -1.2 9.08524e-08 0.416667 1 -4.37114e-08 -1 7.57103e-08
-2.7152e-08 -1.2 1.01333e-07 0.458333 1 -2.26267e-08 -1 8.44439e-08
9.17129e-15 -1.2 1.04907e-07 0.5 1 7.64274e-15 -1 8.74228e-08
2.7152e-08 -1.2 1.01333e-07 0.541667 1 2.26267e-08 -1 8.44439e-08
5.24537e-08 -1.2 9.08524e-08 0.583333 1 4.37114e-08 -1 7.57103e-08
7.41807e-08 -1.2 7.41807e-08 0.625 1 6.18172e-08 -1 6.18172e-08
9.08524e-08 -1.2 5.24537e-08 0.666667 1 7.57103e-08 -1 4.37114e-08
1.01333e-07 -1.2 2.7152e-08 0.708333 1 8.44439e-08 -1 2.26267e-08
1.04907e-07 -1.2 -1.25101e-15 0.75 1 8.74228e-08 -1 -1.04251e-15
1.01333e-07 -1.2 -2.7152e-08 0.791667 1 8.44439e-08 -1 -2.26267e-08
9.08524e-08 -1.2 -5.24537e-08 0.833333 1 7.57103e-08 -1 -4.37114e-08
7.41807e-08 -1.2 -7.41807e-08 0.875 1 6.18172e-08 -1 -6.18173e-08
5.24536e-08 -1.2 -9.08524e-08 0.916667 1 4.37114e-08 -1 -7.57104e-08
2.7152e-08 -1.2 -1.01333e-07 0.958333 1 2.26267e-08 -1 -8.44439e-08
-1.83426e-14 -1.2 -1.04907e-07 1 1 -1.52855e-14 -1 -8.74228e-08
0 -1.15911 0.310583 0 0.916667 0 -0.965926 0.258819
0.0803847 -1.15911 0.3 0.0416667 0.916667 0.0669873 -0.965926 0.25
0.155291 -1.15911 0.268973 0.0833333 0.916667 0.129409 -0.965926 0.224144
0.219615 -1.15911 0.219615 0.125 0.916667 0.183013 -0.965926 0.183013
0.268973 -1.15911 0.155291 0.166667 0.916667 0.224144 -0.965926 0.129409
0.3 -1.15911 0.0803847 0.208333 0.916667 0.25 -0.965926 0.0669873
0.310583 -1.15911 -1.3576e-08 0.25 0.916667 0.258819 -0.965926 -1.13133e-08
0.3 -1.15911 -0.0803848 0.291667 0.916667 0.25 -0.965926 -0.0669873
0.268973 -1.15911 -0.155291 0.333333 0.916667 0.224144 -0.965926 -0.129409
0.219615 -1.15911 -0.219615 0.375 0.916667 0.183013 -0.965926 -0.183013
0.155291 -1.15911 -0.268973 0.416667 0.916667 0.129409 -0.965926 -0.224144
0.0803847 -1.15911 -0.3 0.458333 0.916667 0.0669872 -0.965926 -0.25
-2.7152e-08 -1.15911 -0.310583 0.5 0.916667 -2.26267e-08 -0.965926 -0.258819
-0.0803847 -1.15911 -0.3 0.541667 0.916667 -0.0669873 -0.965926 -0.25
-0.155291 -1.15911 -0.268972 0.583333 0.916667 -0.12941 -0.965926 -0.224144
-0.219615 -1.15911 -0.219615 0.625 0.916667 -0.183013 -0.965926 -0.183013
-0.268973 -1.15911 -0.155291 0.666667 0.916667 -0.224144 -0.965926 -0.129409
-0.3 -1.15911 -0.0803847 0.708333 0.916667 -0.25 -0.965926 -0.0669873
-0.310583 -1.15911 3.70366e-09 0.75 0.916667 -0.258819 -0.965926 3.08638e-09
-0.3 -1.15911 0.0803847 0.791667 0.916667 -0.25 -0.965926 0.0669873
-0.268973 -1.15911 0.155291 0.833333 0.916667 -0.224144 -0.965926 0.129409
-0.219615 -1.15911 0.219615 0.875 0.916667 -0.183013 -0.965926 0.183013
-0.155291 -1.15911 0.268973 0.916667 0.916667 -0.129409 -0.965926 0.224144
-0.0803847 -1.15911 0.3 0.958333 0.916667 -0.0669872 -0.965926 0.25
5.4304e-08 -1.15911 0.310583 1 0.916667 4.52533e-08 -0.965926 0.258819
0 -1.03923 0.6 0 0.833333 0 -0.866025 0.5
0.155291 -1.03923 0.579556 0.0416667 0.833333 0.12941 -0.866025 0.482963
0.3 -1.03923 0.519615 0.0833333 0.833333 0.25 -0.866025 0.433013
0.424264 -1.03923 0.424264 0.125 0.833333 0.353553 -0.866025 0.353553
0.519615 -1.03923 0.3 0.166667 0.833333 0.433013 -0.866025 0.25
0.579556 -1.03923 0.155291 0.208333 0.833333 0.482963 -0.866025 0.12941
0.6 -1.03923 -2.62268e-08 0.25 0.833333 0.5 -0.866025 -2.18557e-08
0.579556 -1.03923 -0.155292 0.291667 0.833333 0.482963 -0.866025 -0.12941
0.519615 -1.03923 -0.3 0.333333 0.833333 0.433013 -0.866025 -0.25
0.424264 -1.03923 -0.424264 0.375 0.833333 0.353553 -0.866025 -0.353553
0.3 -1.03923 -0.519615 0.416667 0.833333 0.25 -0.866025 -0.433013
0.155291 -1.03923 -0.579556 0.458333 0.833333 0.129409 -0.866025 -0.482963
-5.24537e-08 -1.03923 -0.6 0.5 0.833333 -4.37114e-08 -0.866025 -0.5
-0.155291 -1.03923 -0.579556 0.541667 0.833333 -0.12941 -0.866025 -0.482963
-0.3 -1.03923 -0.519615 0.583333 0.833333 -0.25 -0.866025 -0.433013
-0.424264 -1.03923 -0.424264 0.625 0.833333 -0.353553 -0.866025 -0.353553
-0.519615 -1.03923 -0.3 0.666667 0.833333 -0.433013 -0.866025 -0.25
-0.579556 -1.03923 -0.155291 0.708333 0.833333 -0.482963 -0.866025 -0.12941
-0.6 -1.03923 7.15493e-09 0.75 0.833333 -0.5 -0.866025 5.96244e-09
-0.579556 -1.03923 0.155291 0.791667 0.833333 -0.482963 -0.866025 0.12941
-0.519615 -1.03923 0.3 0.833333 0.833333 -0.433013 -0.866025 0.25
-0.424264 -1.03923 0.424264 0.875 0.833333 -0.353553 -0.866025 0.353554
-0.3 -1.03923 0.519615 0.916667 0.833333 -0.25 -0.866025 0.433013
-0.155291 -1.03923 0.579556 0.958333 0.833333 -0.129409 -0.866025 0.482963
1.04907e-07 -1.03923 0.6 1 0.833333 8.74228e-08 -0.866025 0.5
0 -0.848528 0.848528 0 0.75 0 -0.707107 0.707107
0.219615 -0.848528 0.819615 0.0416667 0.75 0.183013 -0.707107 0.683013
0.424264 -0.848528 0.734847 0.0833333 0.75 0.353553 -0.707107 0.612372
0.6 -0.848528 0.6 0.125 0.75 0.5 -0.707107 0.5
0.734847 -0.848528 0.424264 0.166667 0.75 0.612372 -0.707107 0.353553
0.819615 -0.848528 0.219615 0.208333 0.75 0.683013 -0.707107 0.183013
0.848528 -0.848528 -3.70903e-08 0.25 0.75 0.707107 -0.707107 -3.09086e-08
0.819615 -0.848528 -0.219615 0.291667 0.75 0.683013 -0.707107 -0.183013
0.734847 -0.848528 -0.424264 0.333333 0.75 0.612372 -0.707107 -0.353553
0.6 -0.848528 -0.6 0.375 0.75 0.5 -0.707107 -0.5
0.424264 -0.848528 -0.734847 0.416667 0.75 0.353553 -0.707107 -0.612372
0.219615 -0.848528 -0.819615 0.458333 0.75 0.183013 -0.707107 -0.683013
-7.41807e-08 -0.848528 -0.848528 0.5 0.75 -6.18172e-08 -0.707107 -0.707107
-0.219615 -0.848528 -0.819615 0.541667 0.75 -0.183013 -0.707107 -0.683013
-0.424264 -0.848528 -0.734847 0.583333 0.75 -0.353554 -0.707107 -0.612372
-0.6 -0.848528 -0.6 0.625 0.75 -0.5 -0.707107 -0.5
-0.734847 -0.848528 -0.424264 0.666667 0.75 -0.612372 -0.707107 -0.353553
-0.819615 -0.848528 -0.219615 0.708333 0.75 -0.683013 -0.707107 -0.183013
-0.848528 -0.848528 1.01186e-08 0.75 0.75 -0.707107 -0.707107 8.43216e-09
-0.819615 -0.848528 0.219615 0.791667 0.75 -0.683013 -0.707107 0.183013
-0.734847 -0.848528 0.424264 0.833333 0.75 -0.612372 -0.707107 0.353553
-0.6 -0.848528 0.6 0.875 0.75 -0.5 -0.707107 0.5
-0.424264 -0.848528 0.734847 0.916667 0.75 -0.353553 -0.707107 0.612373
-0.219615 -0.848528 0.819615 0.958333 0.75 -0.183013 -0.707107 0.683013
1.48361e-07 -0.848528 0.848528 1 0.75 1.23634e-07 -0.707107 0.707107
0 -0.6 1.03923 0 0.666667 0 -0.5 0.866025
0.268973 -0.6 1.00382 0.0416667 0.666667 0.224144 -0.5 0.836516
0.519615 -0.6 0.9 0.0833333 0.666667 0.433013 -0.5 0.75
0.734847 -0.6 0.734847 0.125 0.666667 0.612372 -0.5 0.612372
0.9 -0.6 0.519615 0.166667 0.666667 0.75 -0.5 0.433013
1.00382 -0.6 0.268973 0.208333 0.666667 0.836516 -0.5 0.224144
1.03923 -0.6 -4.54262e-08 0.25 0.666667 0.866025 -0.5 -3.78552e-08
1.00382 -0.6 -0.268973 0.291667 0.666667 0.836516 -0.5 -0.224144
0.9 -0.6 -0.519615 0.333333 0.666667 0.75 -0.5 -0.433013
0.734847 -0.6 -0.734847 0.375 0.666667 0.612372 -0.5 -0.612372
0.519615 -0.6 -0.9 0.416667 0.666667 0.433013 -0.5 -0.75
0.268973 -0.6 -1.00382 0.458333 0.666667 0.224144 -0.5 -0.836516
-9.08524e-08 -0.6 -1.03923 0.5 0.666667 -7.57103e-08 -0.5 -0.866025
-0.268973 -0.6 -1.00382 0.541667 0.666667 -0.224144 -0.5 -0.836516
-0.519615 -0.6 -0.9 0.583333 0.666667 -0.433013 -0.5 -0.75
-0.734847 -0.6 -0.734847 0.625 0.666667 -0.612373 -0.5 -0.612372
-0.9 -0.6 -0.519615 0.666667 0.666667 -0.75 -0.5 -0.433013
-1.00382 -0.6 -0.268973 0.708333 0.666667 -0.836516 -0.5 -0.224144
-1.03923 -0.6 1.23927e-08 0.75 0.666667 -0.866025 -0.5 1.03272e-08
-1.00382 -0.6 0.268973 0.791667 0.666667 -0.836516 -0.5 0.224144
-0.9 -0.6 0.519615 0.833333 0.666667 -0.75 -0.5 0.433013
-0.734847 -0.6 0.734847 0.875 0.666667 -0.612372 -0.5 0.612373
-0.519615 -0.6 0.9 0.916667 0.666667 -0.433012 -0.5 0.75
-0.268972 -0.6 1.00382 0.958333 0.666667 -0.224144 -0.5 0.836516
1.81705e-07 -0.6 1.03923 1 0.666667 1.51421e-07 -0.5 0.866025
0 -0.310583 1.15911 0 0.583333 0 -0.258819 0.965926
0.3 -0.310583 1.11962 0.0416667 0.583333 0.25 -0.258819 0.933013
0.579556 -0.310583 1.00382 0.0833333 0.583333 0.482963 -0.258819 0.836516
0.819615 -0.310583 0.819615 0.125 0.583333 0.683013 -0.258819 0.683013
1.00382 -0.310583 0.579555 0.166667 0.583333 0.836516 -0.258819 0.482963
1.11962 -0.310583 0.3 0.208333 0.583333 0.933013 -0.258819 0.25
1.15911 -0.310583 -5.06664e-08 0.25 0.583333 0.965926 -0.258819 -4.2222e-08
1.11962 -0.310583 -0.3 0.291667 0.583333 0.933013 -0.258819 -0.25
1.00382 -0.310583 -0.579556 0.333333 0.583333 0.836516 -0.258819 -0.482963
0.819615 -0.310583 -0.819615 0.375 0.583333 0.683013 -0.258819 -0.683013
0.579556 -0.310583 -1.00382 0.416667 0.583333 0.482963 -0.258819 -0.836516
0.3 -0.310583 -1.11962 0.458333 0.583333 0.25 -0.258819 -0.933013
-1.01333e-07 -0.310583 -1.15911 0.5 0.583333 -8.44439e-08 -0.258819 -0.965926
-0.3 -0.310583 -1.11962 0.541667 0.583333 -0.25 -0.258819 -0.933013
-0.579556 -0.310583 -1.00382 0.583333 0.583333 -0.482963 -0.258819 -0.836516
-0.819615 -0.310583 -0.819615 0.625 0.583333 -0.683013 -0.258819 -0.683013
-1.00382 -0.310583 -0.579555 0.666667 0.583333 -0.836516 -0.258819 -0.482963
-1.11962 -0.310583 -0.3 0.708333 0.583333 -0.933013 -0.258819 -0.25
-1.15911 -0.310583 1.38223e-08 0.75 0.583333 -0.965926 -0.258819 1.15185e-08
-1.11962 -0.310583 0.3 0.791667 0.583333 -0.933013 -0.258819 0.25
-1.00382 -0.310583 0.579555 0.833333 0.583333 -0.836516 -0.258819 0.482963
-0.819615 -0.310583 0.819616 0.875 0.583333 -0.683012 -0.258819 0.683013
-0.579555 -0.310583 1.00382 0.916667 0.583333 -0.482963 -0.258819 0.836516
-0.3 -0.310583 1.11962 0.958333 0.583333 -0.25 -0.258819 0.933013
2.02665e-07 -0.310583 1.15911 1 0.583333 1.68888e-07 -0.258819 0.965926
0 -5.24537e-08 1.2 0 0.5 0 -4.37114e-08 1
0.310583 -5.24537e-08 1.15911 0.0416667 0.5 0.258819 -4.37114e-08 0.965926
0.6 -5.24537e-08 1.03923 0.0833333 0.5 0.5 -4.37114e-08 0.866025
0.848528 -5.24537e-08 0.848528 0.125 0.5 0.707107 -4.37114e-08 0.707107
1.03923 -5.24537e-08 0.6 0.166667 0.5 0.866025 -4.37114e-08 0.5
1.15911 -5.24537e-08 0.310583 0.208333 0.5 0.965926 -4.37114e-08 0.258819
1.2 -5.24537e-08 -5.24537e-08 0.25 0.5 1 -4.37114e-08 -4.37114e-08
1.15911 -5.24537e-08 -0.310583 0.291667 0.5 0.965926 -4.37114e-08 -0.258819
1.03923 -5.24537e-08 -0.6 0.333333 0.5 0.866025 -4.37114e-08 -0.5
0.848528 -5.24537e-08 -0.848528 0.375 0.5 0.707107 -4.37114e-08 -0.707107
0.6 -5.24537e-08 -1.03923 0.416667 0.5 0.5 -4.37114e-08 -0.866025
0.310583 -5.24537e-08 -1.15911 0.458333 0.5 0.258819 -4.37114e-08 -0.965926
-1.04907e-07 -5.24537e-08 -1.2 0.5 0.5 -8.74228e-08 -4.37114e-08 -1
-0.310583 -5.24537e-08 -1.15911 0.541667 0.5 -0.258819 -4.37114e-08 -0.965926
-0.6 -5.24537e-08 -1.03923 0.583333 0.5 -0.5 -4.37114e-08 -0.866025
-0.848528 -5.24537e-08 -0.848528 0.625 0.5 -0.707107 -4.37114e-08 -0.707107
-1.03923 -5.24537e-08 -0.6 0.666667 0.5 -0.866025 -4.37114e-08 -0.5
-1.15911 -5.24537e-08 -0.310583 0.708333 0.5 -0.965926 -4.37114e-08 -0.258819
-1.2 -5.24537e-08 1.43099e-08 0.75 0.5 -1 -4.37114e-08 1.19249e-08
-1.15911 -5.24537e-08 0.310583 0.791667 0.5 -0.965926 -4.37114e-08 0.258819
-1.03923 -5.24537e-08 0.6 0.833333 0.5 -0.866025 -4.37114e-08 0.5
-0.848528 -5.24537e-08 0.848528 0.875 0.5 -0.707107 -4.37114e-08 0.707107
-0.6 -5.24537e-08 1.03923 0.916667 0.5 -0.5 -4.37114e-08 0.866026
-0.310583 -5.24537e-08 1.15911 0.958333 0.5 -0.258819 -4.37114e-08 0.965926
2.09815e-07 -5.24537e-08 1.2 1 0.5 1.74846e-07 -4.37114e-08 1
0 0.310583 1.15911 0 0.416667 0 0.258819 0.965926
0.3 0.310583 1.11962 0.0416667 0.416667 0.25 0.258819 0.933013
0.579556 0.310583 1.00382 0.0833333 0.416667 0.482963 0.258819 0.836516
0.819615 0.310583 0.819615 0.125 0.416667 0.683013 0.258819 0.683013
1.00382 0.310583 0.579555 0.166667 0.416667 0.836516 0.258819 0.482963
1.11962 0.310583 0.3 0.208333 0.416667 0.933013 0.258819 0.25
1.15911 0.310583 -5.06664e-08 0.25 0.416667 0.965926 0.258819 -4.2222e-08
1.11962 0.310583 -0.3 0.291667 0.416667 0.933013 0.258819 -0.25
1.00382 0.310583 -0.579556 0.333333 0.416667 0.836516 0.258819 -0.482963
0.819615 0.310583 -0.819615 0.375 0.416667 0.683013 0.258819 -0.683013
0.579556 0.310583 -1.00382 0.416667 0.416667 0.482963 0.258819 -0.836516
0.3 0.310583 -1.11962 0.458333 0.416667 0.25 0.258819 -0.933013
-1.01333e-07 0.310583 -1.15911 0.5 0.416667 -8.44439e-08 0.258819 -0.965926
-0.3 0.310583 -1.11962 0.541667 0.416667 -0.25 0.258819 -0.933013
-0.579556 0.310583 -1.00382 0.583333 0.416667 -0.482963 0.258819 -0.836516
-0.819615 0.310583 -0.819615 0.625 0.416667 -0.683013 0.258819 -0.683013
-1.00382 0.310583 -0.579555 0.666667 0.416667 -0.836516 0.258819 -0.482963
-1.11962 0.310583 -0.3 0.708333 0.416667 -0.933013 0.258819 -0.25
-1.15911 0.310583 1.38223e-08 0.75 0.416667 -0.965926 0.258819 1.15185e-08
-1.11962 0.310583 0.3 0.791667 0.416667 -0.933013 0.258819 0.25
-1.00382 0.310583 0.579555 0.833333 0.416667 -0.836516 0.258819 0.482963
-0.819615 0.310583 0.819616 0.875 0.416667 -0.683012 0.258819 0.683013
-0.579555 0.310583 1.00382 0.916667 0.416667 -0.482963 0.258819 0.836516
-0.3 0.310583 1.11962 0.958333 0.416667 -0.25 0.258819 0.933013
2.02665e-07 0.310583 1.15911 1 0.416667 1.68888e-07 0.258819 0.965926
0 0.6 1.03923 0 0.333333 0 0.5 0.866025
0.268973 0.6 1.00382 0.0416667 0.333333 0.224144 0.5 0.836516
0.519615 0.6 0.9 0.0833333 0.333333 0.433013 0.5 0.75
0.734847 0.6 0.734847 0.125 0.333333 0.612372 0.5 0.612372
0.9 0.6 0.519615 0.166667 0.333333 0.75 0.5 0.433013
1.00382 0.6 0.268973 0.208333 0.333333 0.836516 0.5 0.224144
1.03923 0.6 -4.54262e-08 0.25 0.333333 0.866025 0.5 -3.78552e-08
1.00382 0.6 -0.268973 0.291667 0.333333 0.836516 0.5 -0.224144
0.9 0.6 -0.519615 0.333333 0.333333 0.75 0.5 -0.433013
0.734847 0.6 -0.734847 0.375 0.333333 0.612372 0.5 -0.612372
0.519615 0.6 -0.9 0.416667 0.333333 0.433013 0.5 -0.75
0.268973 0.6 -1.00382 0.458333 0.333333 0.224144 0.5 -0.836516
-9.08524e-08 0.6 -1.03923 0.5 0.333333 -7.57103e-08 0.5 -0.866025
-0.268973 0.6 -1.00382 0.541667 0.333333 -0.224144 0.5 -0.836516
-0.519615 0.6 -0.9 0.583333 0.333333 -0.433013 0.5 -0.75
-0.734847 0.6 -0.734847 0.625 0.333333 -0.612373 0.5 -0.612372
-0.9 0.6 -0.519615 0.666667 0.333333 -0.75 0.5 -0.433013
-1.00382 0.6 -0.268973 0.708333 0.333333 -0.836516 0.5 -0.224144
-1.03923 0.6 1.23927e-08 0.75 0.333333 -0.866025 0.5 1.03273e-08
-1.00382 0.6 0.268973 0.791667 0.333333 -0.836516 0.5 0.224144
-0.9 0.6 0.519615 0.833333 0.333333 -0.75 0.5 0.433013
-0.734847 0.6 0.734847 0.875 0.333333 -0.612372 0.5 0.612373
-0.519615 0.6 0.9 0.916667 0.333333 -0.433013 0.5 0.75
-0.268972 0.6 1.00382 0.958333 0.333333 -0.224144 0.5 0.836516
1.81705e-07 0.6 1.03923 1 0.333333 1.51421e-07 0.5 0.866025
0 0.848528 0.848528 0 0.25 0 0.707107 0.707107
0.219615 0.848528 0.819615 0.0416667 0.25 0.183013 0.707107 0.683013
0.424264 0.848528 0.734847 0.0833333 0.25 0.353553 0.707107 0.612372
0.6 0.848528 0.6 0.125 0.25 0.5 0.707107 0.5
0.734847 0.848528 0.424264 0.166667 0.25 0.612373 0.707107 0.353553
0.819615 0.848528 0.219615 0.208333 0.25 0.683013 0.707107 0.183013
0.848528 0.848528 -3.70903e-08 0.25 0.25 0.707107 0.707107 -3.09086e-08
0.819615 0.848528 -0.219615 0.291667 0.25 0.683013 0.707107 -0.183013
0.734847 0.848528 -0.424264 0.333333 0.25 0.612372 0.707107 -0.353553
0.6 0.848528 -0.6 0.375 0.25 0.5 0.707107 -0.5
0.424264 0.848528 -0.734847 0.416667 0.25 0.353553 0.707107 -0.612372
0.219615 0.848528 -0.819615 0.458333 0.25 0.183013 0.707107 -0.683013
-7.41807e-08 0.848528 -0.848528 0.5 0.25 -6.18172e-08 0.707107 -0.707107
-0.219615 0.848528 -0.819615 0.541667 0.25 -0.183013 0.707107 -0.683013
-0.424264 0.848528 -0.734847 0.583333 0.25 -0.353554 0.707107 -0.612372
-0.6 0.848528 -0.6 0.625 0.25 -0.5 0.707107 -0.5
-0.734847 0.848528 -0.424264 0.666667 0.25 -0.612373 0.707107 -0.353553
-0.819615 0.848528 -0.219615 0.708333 0.25 -0.683013 0.707107 -0.183013
-0.848528 0.848528 1.01186e-08 0.75 0.25 -0.707107 0.707107 8.43216e-09
-0.819615 0.848528 0.219615 0.791667 0.25 -0.683013 0.707107 0.183013
-0.734847 0.848528 0.424264 0.833333 0.25 -0.612373 0.707107 0.353553
-0.6 0.848528 0.6 0.875 0.25 -0.5 0.707107 0.5
-0.424264 0.848528 0.734847 0.916667 0.25 -0.353553 0.707107 0.612373
-0.219615 0.848528 0.819615 0.958333 0.25 -0.183013 0.707107 0.683013
1.48361e-07 0.848528 0.848528 1 0.25 1.23634e-07 0.707107 0.707107
0 1.03923 0.6 0 0.166667 0 0.866025 0.5
0.155291 1.03923 0.579556 0.0416667 0.166667 0.12941 0.866025 0.482963
0.3 1.03923 0.519615 0.0833333 0.166667 0.25 0.866025 0.433013
0.424264 1.03923 0.424264 0.125 0.166667 0.353553 0.866025 0.353553
0.519615 1.03923 0.3 0.166667 0.166667 0.433013 0.866025 0.25
0.579556 1.03923 0.155291 0.208333 0.166667 0.482963 0.866025 0.12941
0.6 1.03923 -2.62268e-08 0.25 0.166667 0.5 0.866025 -2.18557e-08
0.579556 1.03923 -0.155292 0.291667 0.166667 0.482963 0.866025 -0.12941
0.519615 1.03923 -0.3 0.333333 0.166667 0.433013 0.866025 -0.25
0.424264 1.03923 -0.424264 0.375 0.166667 0.353553 0.866025 -0.353553
0.3 1.03923 -0.519615 0.416667 0.166667 0.25 0.866025 -0.433013
0.155291 1.03923 -0.579556 0.458333 0.166667 0.129409 0.866025 -0.482963
-5.24537e-08 1.03923 -0.6 0.5 0.166667 -4.37114e-08 0.866025 -0.5
-0.155291 1.03923 -0.579556 0.541667 0.166667 -0.12941 0.866025 -0.482963
-0.3 1.03923 -0.519615 0.583333 0.166667 -0.25 0.866025 -0.433013
-0.424264 1.03923 -0.424264 0.625 0.166667 -0.353554 0.866025 -0.353553
-0.519615 1.03923 -0.3 0.666667 0.166667 -0.433013 0.866025 -0.25
-0.579556 1.03923 -0.155291 0.708333 0.166667 -0.482963 0.866025 -0.12941
-0.6 1.03923 7.15493e-09 0.75 0.166667 -0.5 0.866025 5.96244e-09
-0.579556 1.03923 0.155291 0.791667 0.166667 -0.482963 0.866025 0.12941
-0.519615 1.03923 0.3 0.833333 0.166667 -0.433013 0.866025 0.25
-0.424264 1.03923 0.424264 0.875 0.166667 -0.353553 0.866025 0.353554
-0.3 1.03923 0.519615 0.916667 0.166667 -0.25 0.866025 0.433013
-0.155291 1.03923 0.579556 0.958333 0.166667 -0.129409 0.866025 0.482963
1.04907e-07 1.03923 0.6 1 0.166667 8.74228e-08 0.866025 0.5
0 1.15911 0.310583 0 0.0833333 0 0.965926 0.258819
0.0803847 1.15911 0.3 0.0416667 0.0833333 0.0669873 0.965926 0.25
0.155291 1.15911 0.268973 0.0833333 0.0833333 0.129409 0.965926 0.224144
0.219615 1.15911 0.219615 0.125 0.0833333 0.183013 0.965926 0.183013
0.268973 1.15911 0.155291 0.166667 0.0833333 0.224144 0.965926 0.129409
0.3 1.15911 0.0803848 0.208333 0.0833333 0.25 0.965926 0.0669873
0.310583 1.15911 -1.3576e-08 0.25 0.0833333 0.258819 0.965926 -1.13133e-08
0.3 1.15911 -0.0803848 0.291667 0.0833333 0.25 0.965926 -0.0669873
0.268973 1.15911 -0.155291 0.333333 0.0833333 0.224144 0.965926 -0.12941
0.219615 1.15911 -0.219615 0.375 0.0833333 0.183013 0.965926 -0.183013
0.155291 1.15911 -0.268973 0.416667 0.0833333 0.12941 0.965926 -0.224144
0.0803847 1.15911 -0.3 0.458333 0.0833333 0.0669873 0.965926 -0.25
-2.7152e-08 1.15911 -0.310583 0.5 0.0833333 -2.26267e-08 0.965926 -0.258819
-0.0803848 1.15911 -0.3 0.541667 0.0833333 -0.0669873 0.965926 -0.25
-0.155291 1.15911 -0.268973 0.583333 0.0833333 -0.12941 0.965926 -0.224144
-0.219615 1.15911 -0.219615 0.625 0.0833333 -0.183013 0.965926 -0.183013
-0.268973 1.15911 -0.155291 0.666667 0.0833333 -0.224144 0.965926 -0.129409
-0.3 1.15911 -0.0803847 0.708333 0.0833333 -0.25 0.965926 -0.0669873
-0.310583 1.15911 3.70366e-09 0.75 0.0833333 -0.258819 0.965926 3.08639e-09
-0.3 1.15911 0.0803847 0.791667 0.0833333 -0.25 0.965926 0.0669873
-0.268973 1.15911 0.155291 0.833333 0.0833333 -0.224144 0.965926 0.129409
-0.219615 1.15911 0.219615 0.875 0.0833333 -0.183013 0.965926 0.183013
-0.155291 1.15911 0.268973 0.916667 0.0833333 -0.129409 0.965926 0.224144
-0.0803847 1.15911 0.3 0.958333 0.0833333 -0.0669872 0.965926 0.25
5.4304e-08 1.15911 0.310583 1 0.0833333 4.52533e-08 0.965926 0.258819
0 1.2 0 0 0 0 1 0
0 1.2 0 0.0416667 0 0 1 0
0 1.2 0 0.0833333 0 0 1 0
0 1.2 0 0.125 0 0 1 0
0 1.2 0 0.166667 0 0 1 0
0 1.2 0 0.208333 0 0 1 0
0 1.2 -0 0.25 0 0 1 -0
0 1.2 -0 0.291667 0 0 1 -0
0 1.2 -0 0.333333 0 0 1 -0
0 1.2 -0 0.375 0 0 1 -0
0 1.2 -0 0.416667 0 0 1 -0
0 1.2 -0 0.458333 0 0 1 -0
-0 1.2 -0 0.5 0 -0 1 -0
-0 1.2 -0 0.541667 0 -0 1 -0
-0 1.2 -0 0.583333 0 -0 1 -0
-0 1.2 -0 0.625 0 -0 1 -0
-0 1.2 -0 0.666667 0 -0 1 -0
-0 1.2 -0 0.708333 0 -0 1 -0
-0 1.2 0 0.75 0 -0 1 0
-0 1.2 0 0.791667 0 -0 1 0
-0 1.2 0 0.833333 0 -0 1 0
-0 1.2 0 0.875 0 -0 1 0
-0 1.2 0 0.916667 0 -0 1 0
-0 1.2 0 0.958333 0 -0 1 0
0 1.2 0 1 0 0 1 0
3 0 25 1
3 26 2 27
3 3 28 4
3 29 5 30
3 6 31 7
3 32 8 33
3 9 34 10
3 35 11 36
3 12 37 13
3 38 14 39
3 15 40 16
3 41 17 42
3 18 43 19
3 44 20 45
3 21 46 22
3 47 23 48
3 24 49 25
3 50 26 51
3 27 52 28
3 53 29 54
3 30 55 31
3 56 32 57
3 33 58 34
3 59 35 60
3 36 61 37
3 62 38 63
3 39 64 40
3 65 41 66
3 42 67 43
3 68 44 69
3 45 70 46
3 71 47 72
3 48 73 49
3 74 50 75
3 51 76 52
3 77 53 78
3 54 79 55
3 80 56 81
3 57 82 58
3 83 59 84
3 60 85 61
3 86 62 87
3 63 88 64
3 89 65 90
3 66 91 67
3 92 68 93
3 69 94 70
3 95 71 96
3 72 97 73
3 98 74 99
3 75 100 76
3 101 77 102
3 78 103 79
3 104 80 105
3 81 106 82
3 107 83 108
3 84 109 85
3 110 86 111
3 87 112 88
3 113 89 114
3 90 115 91
3 116 92 117
3 93 118 94
3 119 95 120
3 96 121 97
3 122 98 123
3 99 124 100
3 125 101 126
3 102 127 103
3 128 104 129
3 105 130 106
3 131 107 132
3 108 133 109
3 134 110 135
3 111 136 112
3 137 113 138
3 114 139 115
3 140 116 141
3 117 142 118
3 143 119 144
3 120 145 121
3 146 122 147
3 123 148 124
3 149 125 150
3 126 151 127
3 152 128 153
3 129 154 130
3 155 131 156
3 132 157 133
3 158 134 159
3 135 160 136
3 161 137 162
3 138 163 139
3 164 140 165
3 141 166 142
3 167 143 168
3 144 169 145
3 170 146 171
3 147 172 148
3 173 149 174
3 150 175 151
3 176 152 177
3 153 178 154
3 179 155 180
3 156 181 157
3 182 158 183
3 159 184 160
3 185 161 186
3 162 187 163
3 188 164 189
3 165 190 166
3 191 167 192
3 168 193 169
3 194 170 195
3 171 196 172
3 197 173 198
3 174 199 175
3 200 176 201
3 177 202 178
3 203 179 204
3 180 205 181
3 206 182 207
3 183 208 184
3 209 185 210
3 186 211 187
3 212 188 213
3 189 214 190
3 215 191 216
3 192 217 193
3 218 194 219
3 195 220 196
3 221 197 222
3 198 223 199
3 224 200 225
3 201 226 202
3 227 203 228
3 204 229 205
3 230 206 231
3 207 232 208
3 233 209 234
3 210 235 211
3 236 212 237
3 213 238 214
3 239 215 240
3 216 241 217
3 242 218 243
3 219 244 220
3 245 221 246
3 222 247 223
3 248 224 249
3 225 250 226
3 251 227 252
3 228 253 229
3 254 230 255
3 231 256 232
3 257 233 258
3 234 259 235
3 260 236 261
3 237 262 238
3 263 239 264
3 240 265 241
3 266 242 267
3 243 268 244
3 269 245 270
3 246 271 247
3 272 248 273
3 249 274 250
3 275 251 276
3 252 277 253
3 278 254 279
3 255 280 256
3 281 257 282
3 258 283 259
3 284 260 285
3 261 286 262
3 287 263 288
3 264 289 265
3 290 266 291
3 267 292 268
3 293 269 294
3 270 295 271
3 296 272 297
3 273 298 274
3 299 275 300
3 276 301 277
3 302 278 303
3 279 304 280
3 305 281 306
3 282 307 283
3 308 284 309
3 285 310 286
3 311 287 312
3 288 313 289
3 314 290 315
3 291 316 292
3 317 293 318
3 294 319 295
3 320 296 321
3 297 322 298
3 323 299 324
